# -*- coding: utf-8 -*-

lambd_sp: 0.000001
lambd_sm: 0.000001
lambd_pe: 1
thre: 0.0001 

sample_ratio: 0.1