pgd_alpha: 0.0078431372549019607843137254902
pgd_eps: 0.03137254901960784313725490196078
iteration: 7
stop_threshold: 0.99
target_idx: -1
test_num: 1000

grad_method: white
query_num: 100
sigma: 0.001
