epoch:
  default: 150
  cifar10: 300

lr_step_size:
  default: 50
  cifar10: 100

adv_train_alpha:
  default: 0.0078431372549 # 2/255
  mnist: 0.1

adv_train_epsilon:
  default: 0.031372549 # 8/255
  mnist: 0.3

adv_train_valid_epsilon:
  default: 0.031372549 # 8/255
  mnist: 0.3
